8.146089280609486449e-01 1.590222598788329778e-01 2.328969529143117001e-02 2.834578412429436881e-03 2.238731431444877210e-04 2.066521321333732866e-05 0.000000000000000000e+00 0.000000000000000000e+00 0.000000000000000000e+00 0.000000000000000000e+00 0.000000000000000000e+00 0.000000000000000000e+00 0.000000000000000000e+00 0.000000000000000000e+00 0.000000000000000000e+00 0.000000000000000000e+00 0.000000000000000000e+00 0.000000000000000000e+00 0.000000000000000000e+00 0.000000000000000000e+00
4.825077432188174531e-01 3.066541725579719491e-01 1.419514425245769484e-01 5.028323680171001980e-02 1.428294614716203031e-02 3.445467454259754179e-03 7.236087184253790165e-04 1.286751905149732605e-04 2.119356079070147553e-05 1.513825770764391230e-06 0.000000000000000000e+00 0.000000000000000000e+00 0.000000000000000000e+00 0.000000000000000000e+00 0.000000000000000000e+00 0.000000000000000000e+00 0.000000000000000000e+00 0.000000000000000000e+00 0.000000000000000000e+00 0.000000000000000000e+00
3.234084310310641475e-01 3.010597199086147979e-01 2.045230376364116365e-01 1.056676260682762186e-01 4.427686840200906193e-02 1.515256758855942042e-02 4.432864830458706912e-03 1.136632007809924849e-03 2.740546063275040760e-04 5.683160039049624246e-05 8.840471171854970522e-06 2.525848906244277292e-06 0.000000000000000000e+00 0.000000000000000000e+00 0.000000000000000000e+00 0.000000000000000000e+00 0.000000000000000000e+00 0.000000000000000000e+00 0.000000000000000000e+00 0.000000000000000000e+00
2.536498393432636833e-01 2.750498704031647534e-01 2.239659641270181356e-01 1.382779572216075725e-01 6.810425051134469387e-02 2.740855688235641074e-02 9.614122864782284963e-03 2.891700866667549445e-03 7.885362479880287127e-04 1.950272857619246634e-04 3.732003616431891683e-05 1.565033774632728868e-05 1.203872134332868230e-06 0.000000000000000000e+00 0.000000000000000000e+00 0.000000000000000000e+00 0.000000000000000000e+00 0.000000000000000000e+00 0.000000000000000000e+00 0.000000000000000000e+00
2.200438096488662731e-01 2.551452462949809763e-01 2.266665870851065079e-01 1.551016753907951962e-01 8.384832550449734800e-02 3.784580674811839629e-02 1.457058784908948738e-02 4.801155524253475360e-03 1.477829572109846425e-03 3.688605313262863965e-04 8.952925517628310148e-05 2.745563825406015229e-05 9.549787218803530643e-06 3.581170207051323991e-06 0.000000000000000000e+00 0.000000000000000000e+00 0.000000000000000000e+00 0.000000000000000000e+00 0.000000000000000000e+00 0.000000000000000000e+00
2.030363831086048343e-01 2.391100727854059693e-01 2.250267143667525893e-01 1.637737595958844994e-01 9.519069440563382445e-02 4.556493539980403795e-02 1.874143251369298629e-02 6.641713269394750041e-03 2.107166885938348885e-03 6.092434707209341089e-04 1.523108676802335272e-04 3.238105060918350435e-05 1.079368353639450145e-05 2.398596341421000322e-06 0.000000000000000000e+00 0.000000000000000000e+00 0.000000000000000000e+00 0.000000000000000000e+00 0.000000000000000000e+00 0.000000000000000000e+00
1.942269331654727649e-01 2.276254695404333339e-01 2.221522803142794711e-01 1.680667801578163423e-01 1.026736468959284498e-01 5.141656527774925156e-02 2.179005909352870959e-02 8.254487592292105574e-03 2.787339413849222909e-03 7.345914016559719787e-04 2.017709935469528409e-04 5.920226756766879309e-05 7.249257253183934090e-06 2.416419084394644555e-06 1.208209542197322278e-06 0.000000000000000000e+00 0.000000000000000000e+00 0.000000000000000000e+00 0.000000000000000000e+00 0.000000000000000000e+00
1.889797032545055822e-01 2.198085757758630188e-01 2.184987924287178085e-01 1.708067653370121397e-01 1.074560947156974478e-01 5.575025491811405609e-02 2.463984018194971537e-02 9.536936502437788621e-03 3.230390890762844646e-03 9.535712405851670855e-04 2.509398001539913411e-04 6.732531223643670789e-05 1.958554537787249444e-05 0.000000000000000000e+00 1.224096586117030902e-06 0.000000000000000000e+00 0.000000000000000000e+00 0.000000000000000000e+00 0.000000000000000000e+00 0.000000000000000000e+00
1.860894631540952748e-01 2.135463632879315288e-01 2.156785647394162120e-01 1.720075067383271539e-01 1.108868792087411570e-01 5.932332682964343296e-02 2.693966452867680578e-02 1.027153008711140583e-02 3.682667893809173521e-03 1.159748898858732613e-03 3.175355273880594133e-04 7.814350869315525344e-05 1.364410469245567834e-05 3.721119461578821250e-06 1.240373153859607083e-06 0.000000000000000000e+00 0.000000000000000000e+00 0.000000000000000000e+00 0.000000000000000000e+00 0.000000000000000000e+00
1.861760446899870802e-01 2.088023600894703957e-01 2.114711500663743748e-01 1.727165518982318182e-01 1.137268741499118940e-01 6.150022417835805666e-02 2.825400852254530970e-02 1.147516895010430339e-02 4.114332218511732205e-03 1.273483781920297991e-03 3.629554368589409325e-04 9.042488392333476851e-05 3.139752914004679255e-05 5.023604662407487046e-06 0.000000000000000000e+00 0.000000000000000000e+00 0.000000000000000000e+00 0.000000000000000000e+00 0.000000000000000000e+00 0.000000000000000000e+00
1.854524541539732674e-01 2.044871149105905173e-01 2.087385759518286810e-01 1.730385449648750851e-01 1.156616734740200519e-01 6.408433552112277609e-02 2.997190771243597035e-02 1.223155798067077256e-02 4.396831934669810649e-03 1.379748304325039213e-03 4.004075485749189196e-04 1.160416780901835136e-04 3.442994844434016041e-05 6.375916378581511971e-06 0.000000000000000000e+00 0.000000000000000000e+00 0.000000000000000000e+00 0.000000000000000000e+00 0.000000000000000000e+00 0.000000000000000000e+00
1.867126219744831561e-01 2.009143640513957885e-01 2.063682158261285760e-01 1.726854755792373297e-01 1.169855732234889450e-01 6.524834619090420784e-02 3.124098730624729273e-02 1.290197422450418095e-02 4.764522157485304513e-03 1.615333380754382714e-03 4.242028413830564769e-04 1.021708063087239639e-04 3.362583498768130329e-05 1.293301345680050224e-06 1.293301345680050224e-06 0.000000000000000000e+00 0.000000000000000000e+00 0.000000000000000000e+00 0.000000000000000000e+00 0.000000000000000000e+00
1.880007406463846953e-01 1.982712998212730893e-01 2.032943005684854920e-01 1.723066538673166115e-01 1.185979721522212177e-01 6.690636995286915190e-02 3.224963460131819587e-02 1.326466158106991838e-02 4.864103207235221868e-03 1.537760490192344827e-03 5.423527604179661848e-04 1.208146584950433228e-04 3.414327305294702158e-05 3.939608429186195123e-06 3.939608429186195123e-06 1.313202809728731778e-06 0.000000000000000000e+00 0.000000000000000000e+00 0.000000000000000000e+00 0.000000000000000000e+00
1.902460908657575833e-01 1.970849895387014605e-01 2.005631877118796702e-01 1.712421773921124213e-01 1.185177668499007297e-01 6.819404740764081763e-02 3.266568840952211589e-02 1.384469745016696750e-02 5.156545621809704646e-03 1.742437088674692915e-03 5.380859361960929751e-04 1.535480959368503296e-04 4.406162752970487997e-05 4.005602502700443941e-06 1.335200834233481243e-06 1.335200834233481243e-06 0.000000000000000000e+00 0.000000000000000000e+00 0.000000000000000000e+00 0.000000000000000000e+00
1.913507953159075403e-01 1.943295828204707199e-01 1.986396644216063267e-01 1.716622991354052330e-01 1.190890745673972712e-01 6.877674292995981931e-02 3.362297914034499680e-02 1.447867147434375029e-02 5.471740873985753671e-03 1.803557445815244650e-03 5.713300862966274977e-04 1.601352735938290945e-04 3.256988615467710293e-05 9.499550128447489201e-06 1.357078589778212622e-06 0.000000000000000000e+00 0.000000000000000000e+00 0.000000000000000000e+00 0.000000000000000000e+00 0.000000000000000000e+00
1.963857048757431112e-01 1.919512067402166788e-01 1.968321863536519056e-01 1.699068727830954362e-01 1.191292508757375856e-01 6.912056929144491657e-02 3.418063758657468448e-02 1.453131847082849912e-02 5.393606495478686300e-03 1.787303940888057205e-03 5.470776133635764892e-04 1.722536566006223216e-04 4.823102384817424870e-05 1.378029252804978607e-05 0.000000000000000000e+00 0.000000000000000000e+00 0.000000000000000000e+00 0.000000000000000000e+00 0.000000000000000000e+00 0.000000000000000000e+00
1.982202222760812982e-01 1.906676548094206058e-01 1.946701933462875178e-01 1.682439124849221812e-01 1.197483318086234594e-01 7.015860251584134233e-02 3.476758798369844472e-02 1.512895122843049139e-02 5.662674401825729294e-03 1.887091147763299672e-03 6.150207972294643869e-04 1.709169413712862220e-04 4.763259021822731332e-05 9.806709750811505485e-06 1.400958535830214948e-06 0.000000000000000000e+00 0.000000000000000000e+00 0.000000000000000000e+00 0.000000000000000000e+00 0.000000000000000000e+00
2.013209024268735325e-01 1.896050103195502101e-01 1.925926980286100654e-01 1.678656323393352690e-01 1.190377909045619576e-01 7.015301402035442613e-02 3.535264393993309967e-02 1.536260764358408568e-02 5.881431926553270205e-03 1.982777026546153100e-03 5.793181979930254024e-04 2.092377766706995988e-04 3.843142836808768377e-05 1.565724859440609351e-05 1.423386235855099179e-06 1.423386235855099179e-06 0.000000000000000000e+00 0.000000000000000000e+00 0.000000000000000000e+00 0.000000000000000000e+00
2.060172946298816365e-01 1.881289383131235227e-01 1.901730329742082892e-01 1.659097015766253791e-01 1.189764214041991314e-01 7.072567527353308681e-02 3.565970085433044917e-02 1.539932797679410825e-02 5.995047945937669216e-03 2.035427121885825461e-03 7.150719839130472398e-04 2.109101205076866728e-04 3.900392639525712229e-05 8.667539198946027929e-06 5.778359465964017773e-06 0.000000000000000000e+00 0.000000000000000000e+00 0.000000000000000000e+00 0.000000000000000000e+00 0.000000000000000000e+00
2.089034815535319445e-01 1.868839134944492719e-01 1.888879597312876080e-01 1.653880969042913762e-01 1.190940419969455100e-01 7.081501303510308321e-02 3.560923152308981265e-02 1.549834878913648566e-02 5.938784163046619512e-03 2.058328601965021560e-03 6.645922000642585448e-04 2.053927329116913940e-04 4.107854658233827744e-05 8.802545696215345166e-06 2.934181898738448389e-06 0.000000000000000000e+00 0.000000000000000000e+00 0.000000000000000000e+00 0.000000000000000000e+00 0.000000000000000000e+00
2.127312157924509395e-01 1.862741439810385591e-01 1.858890641814591460e-01 1.641454885214876092e-01 1.186866689254034712e-01 7.110543275954453457e-02 3.586316831121612314e-02 1.581513781528408671e-02 6.243367448219453407e-03 2.271672306045901917e-03 6.791136000334332739e-04 2.179133749557830011e-04 5.373206505759032338e-05 2.089580307795179393e-05 2.985114725421684726e-06 0.000000000000000000e+00 0.000000000000000000e+00 0.000000000000000000e+00 0.000000000000000000e+00 0.000000000000000000e+00
2.178652765062383256e-01 1.846315646114385645e-01 1.848131530563605074e-01 1.634810504891538729e-01 1.169686835594361679e-01 7.107674381653514284e-02 3.602109452435176690e-02 1.586326390097376679e-02 6.190652734797642484e-03 2.107939198135691961e-03 7.021419870315585756e-04 2.073134746192317323e-04 5.447653347658643817e-05 1.210589632813031922e-05 1.513237041016289902e-06 1.513237041016289902e-06 1.513237041016289902e-06 0.000000000000000000e+00 0.000000000000000000e+00 0.000000000000000000e+00
2.204827046197779805e-01 1.835198747178849454e-01 1.838683923663887720e-01 1.613575299771237426e-01 1.178373481952312979e-01 7.062011576313081962e-02 3.651451645095420140e-02 1.611932507331153078e-02 6.436061597039902625e-03 2.266132375293630069e-03 6.755408164831959135e-04 2.241567254694241040e-04 6.294812153593417009e-05 1.074724026223266294e-05 1.535320037461808810e-06 3.070640074923617619e-06 0.000000000000000000e+00 0.000000000000000000e+00 0.000000000000000000e+00 0.000000000000000000e+00
2.246671060481591209e-01 1.835484949101506558e-01 1.800969554610850620e-01 1.602482609551237336e-01 1.175616201307524422e-01 7.180763836612556739e-02 3.626302917097458389e-02 1.617069658625568812e-02 6.432982348733550133e-03 2.191180926261998563e-03 7.465320618340949739e-04 1.905374718488694202e-04 5.622417202097786148e-05 1.561782556138274081e-05 1.561782556138273953e-06 0.000000000000000000e+00 1.561782556138273953e-06 0.000000000000000000e+00 0.000000000000000000e+00 0.000000000000000000e+00
2.297689941240203537e-01 1.823499173566790754e-01 1.786709055968113136e-01 1.593110156824598389e-01 1.167619635104035630e-01 7.045797844156050094e-02 3.638836824914786633e-02 1.653340925447025281e-02 6.394774095075407387e-03 2.348810173432347263e-03 7.370677042555378883e-04 2.072014361748400447e-04 4.586902022191115876e-05 1.898028422975633992e-05 4.745071057439084980e-06 0.000000000000000000e+00 0.000000000000000000e+00 0.000000000000000000e+00 0.000000000000000000e+00 0.000000000000000000e+00
2.349451391683729795e-01 1.801243929071350280e-01 1.778619748616654117e-01 1.580598041589368619e-01 1.158948095864953953e-01 7.037226477506497435e-02 3.641995994670249592e-02 1.667070192682336416e-02 6.379986819931726498e-03 2.288072679578430357e-03 6.990887794647481163e-04 2.116507313975842831e-04 5.772292674479571851e-05 1.282731705439904762e-05 0.000000000000000000e+00 1.603414631799880952e-06 0.000000000000000000e+00 0.000000000000000000e+00 0.000000000000000000e+00 0.000000000000000000e+00
2.393945995863845100e-01 1.792707750738134487e-01 1.765604880142554178e-01 1.560211620254152443e-01 1.155408217681412053e-01 7.055851098422277756e-02 3.646612385052612482e-02 1.630399438107254032e-02 6.482252253424034341e-03 2.272934198717531905e-03 8.015426036965258520e-04 2.422512128819114755e-04 6.503388265286213490e-05 1.463262359689398137e-05 3.251694132643107253e-06 1.625847066321553627e-06 0.000000000000000000e+00 0.000000000000000000e+00 0.000000000000000000e+00 0.000000000000000000e+00
2.441084619196330907e-01 1.783520649810104441e-01 1.748422475343203164e-01 1.550328510352479705e-01 1.145580050013252360e-01 6.988191406873776879e-02 3.664565495465388345e-02 1.657944254484812474e-02 6.486248001856976392e-03 2.434812384453418493e-03 7.556314296579574223e-04 2.403533523530757877e-04 6.585023352139062120e-05 1.152379086624335871e-05 4.938767514104296590e-06 0.000000000000000000e+00 0.000000000000000000e+00 0.000000000000000000e+00 0.000000000000000000e+00 0.000000000000000000e+00
2.486358986017960793e-01 1.780954737243311548e-01 1.729098823796882678e-01 1.533326869454158803e-01 1.144674989468334736e-01 7.041170452493832055e-02 3.608349102969594935e-02 1.628396044105945295e-02 6.407598847200582717e-03 2.296906030799269853e-03 7.790088867194029610e-04 2.173200756942540463e-04 5.182247958862981542e-05 2.006031467946960652e-05 6.686771559823201608e-06 0.000000000000000000e+00 0.000000000000000000e+00 0.000000000000000000e+00 0.000000000000000000e+00 0.000000000000000000e+00
2.527802372491692040e-01 1.774814749605120867e-01 1.701019321569629816e-01 1.536346660752649085e-01 1.133341346601499655e-01 6.990334982825083254e-02 3.630179773721108061e-02 1.629458579586142916e-02 6.673585164393325449e-03 2.368428626328326122e-03 7.889118941165118365e-04 2.387051010095024919e-04 6.602481517284111104e-05 2.370121570307117033e-05 5.078831936372393157e-06 1.692943978790797790e-06 1.692943978790797790e-06 0.000000000000000000e+00 0.000000000000000000e+00 0.000000000000000000e+00
2.578670699215093176e-01 1.764514259653598705e-01 1.696550730899402393e-01 1.516423376436338288e-01 1.128462042266319687e-01 6.894080452084340449e-02 3.607862097816731672e-02 1.655710890966885854e-02 6.463736210981836476e-03 2.354034434397363641e-03 8.315416610944802514e-04 2.383181255507891975e-04 4.972104777678335740e-05 2.057422666625518249e-05 1.714518888854598612e-06 0.000000000000000000e+00 1.714518888854598612e-06 0.000000000000000000e+00 0.000000000000000000e+00 0.000000000000000000e+00
2.643594222406475125e-01 1.749964874423897143e-01 1.676886330166538486e-01 1.499749350827315753e-01 1.119803366157678254e-01 6.903693476009664654e-02 3.617847608772200435e-02 1.595655183060626023e-02 6.482186562775909232e-03 2.195998980057345829e-03 8.169948812061689387e-04 2.445780854566238349e-04 6.418006497797929476e-05 1.734596350756197110e-05 3.469192701512394643e-06 3.469192701512394643e-06 0.000000000000000000e+00 0.000000000000000000e+00 0.000000000000000000e+00 0.000000000000000000e+00
2.668093654873545106e-01 1.759301009711122521e-01 1.660523014571070044e-01 1.495969050731185135e-01 1.107067977858289531e-01 6.872527260445816799e-02 3.599168369987630622e-02 1.614309650592580386e-02 6.568824401498337198e-03 2.456291175773951153e-03 7.088154535804829697e-04 2.333476616985253596e-04 6.140727939434877884e-05 1.228145587886975577e-05 1.754493696981393651e-06 0.000000000000000000e+00 1.754493696981393651e-06 0.000000000000000000e+00 0.000000000000000000e+00 0.000000000000000000e+00
2.711569345980142653e-01 1.744922495408285368e-01 1.652662307125808416e-01 1.487271856117405866e-01 1.102330905122312632e-01 6.814902886347301569e-02 3.564412659822720209e-02 1.638288244323576198e-02 6.528663833260871414e-03 2.330017834485328693e-03 7.772641367133084839e-04 2.253711081337675187e-04 6.920845052926719173e-05 1.242202958217616145e-05 5.323726963789783719e-06 0.000000000000000000e+00 0.000000000000000000e+00 0.000000000000000000e+00 0.000000000000000000e+00 0.000000000000000000e+00
2.773653082136372516e-01 1.729250184263037837e-01 1.629568375069660457e-01 1.472162798640947734e-01 1.093282039297463482e-01 6.803530659571790928e-02 3.552591367501393288e-02 1.658726877235874517e-02 6.561561831484710554e-03 2.403509087313714706e-03 7.981735488162222886e-04 2.247110216261887113e-04 5.932370970931382021e-05 7.190752692038039147e-06 5.393064519028529572e-06 0.000000000000000000e+00 0.000000000000000000e+00 0.000000000000000000e+00 0.000000000000000000e+00 0.000000000000000000e+00
2.817589635716958307e-01 1.726121059534319324e-01 1.617021431192393888e-01 1.456968679723744942e-01 1.088471333645773115e-01 6.764867231238169687e-02 3.560542482734066483e-02 1.637765982568763906e-02 6.283310263648352566e-03 2.395977518864462769e-03 7.338702938750894843e-04 2.488619560913050998e-04 7.992646764976222402e-05 9.082553142018434547e-06 0.000000000000000000e+00 0.000000000000000000e+00 0.000000000000000000e+00 0.000000000000000000e+00 0.000000000000000000e+00 0.000000000000000000e+00
2.868475064161639665e-01 1.727609515382271255e-01 1.608373507025653570e-01 1.441314588465958668e-01 1.071361695409367848e-01 6.674646330761972723e-02 3.556151990571267824e-02 1.607253661527616173e-02 6.471238328823354646e-03 2.377376917964892089e-03 7.838918486262617035e-04 1.945961029376668319e-04 6.425343021526735119e-05 9.179061459323907071e-06 3.671624583729562659e-06 1.835812291864781330e-06 0.000000000000000000e+00 0.000000000000000000e+00 0.000000000000000000e+00 0.000000000000000000e+00
2.921826280623607830e-01 1.701818856718634032e-01 1.586766889383815771e-01 1.430141054194506434e-01 1.076874536005939104e-01 6.665738678544914919e-02 3.547884187082405577e-02 1.604120267260579144e-02 6.670378619153674755e-03 2.316258351893095684e-03 7.795100222717149313e-04 2.041573867854491590e-04 7.609502598366740247e-05 2.227171492204899775e-05 9.279881217520416010e-06 1.855976243504083075e-06 0.000000000000000000e+00 0.000000000000000000e+00 0.000000000000000000e+00 0.000000000000000000e+00
2.951310608110139233e-01 1.699563381128445516e-01 1.584453061592569212e-01 1.425662067514353593e-01 1.061393422911594137e-01 6.684176511257401698e-02 3.517562449274055231e-02 1.595988517149126915e-02 6.432801274536326976e-03 2.372846965461267860e-03 6.932545766074487727e-04 2.122974719692187430e-04 4.321098986984098315e-05 2.254486427991703645e-05 7.514954759972344637e-06 0.000000000000000000e+00 0.000000000000000000e+00 0.000000000000000000e+00 0.000000000000000000e+00 0.000000000000000000e+00
3.008392364370857108e-01 1.694726560647871472e-01 1.563729813281746484e-01 1.401211914312537332e-01 1.057798260836581294e-01 6.625890207011654598e-02 3.524603377808122745e-02 1.591040558353010517e-02 6.518543806245436639e-03 2.402966250367462309e-03 7.643215460916237330e-04 1.953476904402909439e-04 7.775976027234881866e-05 2.844869278256664081e-05 7.586318075351104611e-06 3.793159037675552305e-06 0.000000000000000000e+00 0.000000000000000000e+00 0.000000000000000000e+00 0.000000000000000000e+00
3.054536351197437716e-01 1.683349768003608027e-01 1.556057513701928630e-01 1.387296382079329649e-01 1.053921006566224117e-01 6.576925722934391649e-02 3.499629264414734486e-02 1.582314765977939353e-02 6.384678300884415007e-03 2.415514328739269863e-03 7.567592359024927131e-04 2.465200541197513960e-04 7.261831051589576690e-05 1.719907354323847075e-05 1.911008171470941101e-06 0.000000000000000000e+00 0.000000000000000000e+00 0.000000000000000000e+00 0.000000000000000000e+00 0.000000000000000000e+00
3.107203733334364948e-01 1.679439380718457941e-01 1.536401751354823375e-01 1.385566994352403214e-01 1.037076019092321444e-01 6.503539663775473323e-02 3.441764356485449428e-02 1.605473080561934870e-02 6.512439610956222320e-03 2.302377640237048256e-03 7.564955103636015728e-04 2.747374999274460614e-04 5.804313378748860824e-05 9.673855631248101373e-06 9.673855631248101373e-06 0.000000000000000000e+00 0.000000000000000000e+00 0.000000000000000000e+00 0.000000000000000000e+00 0.000000000000000000e+00
3.143558607876314470e-01 1.673038678993046535e-01 1.530122151378716100e-01 1.377896435771481798e-01 1.034529866490240951e-01 6.446954217140225818e-02 3.433080209290843149e-02 1.557776489714030391e-02 6.284189798144797570e-03 2.330224415833816263e-03 7.396608489120740483e-04 2.654191964433827476e-04 7.416124606506282655e-05 9.758058692771424546e-06 3.903223477108569818e-06 0.000000000000000000e+00 0.000000000000000000e+00 0.000000000000000000e+00 0.000000000000000000e+00 0.000000000000000000e+00
3.184544767743475169e-01 1.673462061184193550e-01 1.508084448310619552e-01 1.366002513013821473e-01 1.029112693086844943e-01 6.468347663824239313e-02 3.356273954012241323e-02 1.589865887119521967e-02 6.394969238264876059e-03 2.254611301461058922e-03 8.008505585242257615e-04 2.011989087918005556e-04 5.325853468018249801e-05 2.367045985785888988e-05 5.917614964464722471e-06 0.000000000000000000e+00 0.000000000000000000e+00 0.000000000000000000e+00 0.000000000000000000e+00 0.000000000000000000e+00
3.238178969151086495e-01 1.662559857736948810e-01 1.491429528354923928e-01 1.347930447402941878e-01 1.017093096972524202e-01 6.488359389640474539e-02 3.400078946424085757e-02 1.556201480843530556e-02 6.542983935598856680e-03 2.270706490751705706e-03 7.316499403914626318e-04 1.854044808076458291e-04 7.974386271296595135e-05 1.993596567824148784e-05 3.987193135648297737e-06 0.000000000000000000e+00 0.000000000000000000e+00 0.000000000000000000e+00 0.000000000000000000e+00 0.000000000000000000e+00
3.282350767550025195e-01 1.655674889747523748e-01 1.490878565633359243e-01 1.335681637440054026e-01 1.016290857679918447e-01 6.332789769212850139e-02 3.340107802421136279e-02 1.537309116614586288e-02 6.508711753034453727e-03 2.241197876083446568e-03 7.952637624812229546e-04 1.867664896736205473e-04 5.823901290897844747e-05 1.606593459558026079e-05 2.008241824447532598e-06 2.008241824447532598e-06 0.000000000000000000e+00 0.000000000000000000e+00 0.000000000000000000e+00 0.000000000000000000e+00
3.337383211634490365e-01 1.646559020901421921e-01 1.475431413286030780e-01 1.326942625374107620e-01 9.999959501216988678e-02 6.347576755318502795e-02 3.307940596385078313e-02 1.536321333543927067e-02 6.206438496523179228e-03 2.146435499613236556e-03 7.532773640152113162e-04 2.672919678763653302e-04 6.277311366793428087e-05 8.099756602314099992e-06 4.049878301157049996e-06 2.024939150578524998e-06 0.000000000000000000e+00 0.000000000000000000e+00 0.000000000000000000e+00 0.000000000000000000e+00
3.369111216059567093e-01 1.644637713159514125e-01 1.466729635740264825e-01 1.308857172647706346e-01 9.923353552948199763e-02 6.282187316638350449e-02 3.375592123959118840e-02 1.565231258011690052e-02 6.247840549221166974e-03 2.285695593595963530e-03 7.666689155621523232e-04 2.187561972404007877e-04 6.542241412797033119e-05 8.177801765996291398e-06 1.022225220749536467e-05 0.000000000000000000e+00 0.000000000000000000e+00 0.000000000000000000e+00 0.000000000000000000e+00 0.000000000000000000e+00
3.408754824545143780e-01 1.631715746244372101e-01 1.456755187029645515e-01 1.306818415860344640e-01 9.870494173473548516e-02 6.237616829166821308e-02 3.343095700027598483e-02 1.567127598663750274e-02 6.100449398399301372e-03 2.240813283409331513e-03 7.949944185625017548e-04 2.121358163521701768e-04 4.737013374854285566e-05 1.235742619527204908e-05 4.119142065090683027e-06 0.000000000000000000e+00 0.000000000000000000e+00 0.000000000000000000e+00 0.000000000000000000e+00 0.000000000000000000e+00
3.455596970711192761e-01 1.611663967636585149e-01 1.450075565912809228e-01 1.296553071801129775e-01 9.858493213619742845e-02 6.218232693119240401e-02 3.298914636504052950e-02 1.526909572444531266e-02 6.269787978887279151e-03 2.265937963192020486e-03 7.712504443525134605e-04 2.161995854788716911e-04 4.365568552938755041e-05 1.663073734452859241e-05 0.000000000000000000e+00 2.078842168066074051e-06 0.000000000000000000e+00 0.000000000000000000e+00 0.000000000000000000e+00 0.000000000000000000e+00
3.508246946741092054e-01 1.619213497292986970e-01 1.420405422419943886e-01 1.287363075502581111e-01 9.739790993410836484e-02 6.168002686028455084e-02 3.272547949804843065e-02 1.516976539220212319e-02 6.213539262181559143e-03 2.251647290888488060e-03 7.638393419230285085e-04 2.245351911696814482e-04 2.937843622780878774e-05 1.678767784446216394e-05 4.196919461115540985e-06 0.000000000000000000e+00 0.000000000000000000e+00 0.000000000000000000e+00 0.000000000000000000e+00 0.000000000000000000e+00
3.535807651861018197e-01 1.613065347856017517e-01 1.418939179572512865e-01 1.277478154735006144e-01 9.679912492239599320e-02 6.069795040945354103e-02 3.326308498642193551e-02 1.534975652401606577e-02 6.136523931598664161e-03 2.282719328994547645e-03 6.651772327782446825e-04 2.048323542206023466e-04 5.068017011643769003e-05 1.689339003881256334e-05 4.223347509703140836e-06 0.000000000000000000e+00 0.000000000000000000e+00 0.000000000000000000e+00 0.000000000000000000e+00 0.000000000000000000e+00
3.569409564463529860e-01 1.609293091953215016e-01 1.410386672545674014e-01 1.270973252646085960e-01 9.635182025573682529e-02 6.055590701795866143e-02 3.221738695158551935e-02 1.520873671631871836e-02 6.241120249133591535e-03 2.274920281936749708e-03 8.200789405858132470e-04 2.385684190795093053e-04 6.177217994023009233e-05 2.130075170352761606e-05 2.130075170352761775e-06 0.000000000000000000e+00 0.000000000000000000e+00 0.000000000000000000e+00 0.000000000000000000e+00 0.000000000000000000e+00
3.627095975125683158e-01 1.595714943082368331e-01 1.398427722993691169e-01 1.250510688989330266e-01 9.555367287521127073e-02 6.020324346640634067e-02 3.292492549316429484e-02 1.491641902730412098e-02 5.880986887657023779e-03 2.249181822482357231e-03 8.149521134998214929e-04 2.171772123047017707e-04 3.655458028891020157e-05 1.935242485883481339e-05 8.601077715037694089e-06 0.000000000000000000e+00 0.000000000000000000e+00 0.000000000000000000e+00 0.000000000000000000e+00 0.000000000000000000e+00
3.652741457932614511e-01 1.595081152341639441e-01 1.390503771260616916e-01 1.254760000864472425e-01 9.479371528603228181e-02 5.944760216982559325e-02 3.210218063149705009e-02 1.506775302025026471e-02 6.016727539927816358e-03 2.256272827472931026e-03 7.239955911910267525e-04 2.269239912688292770e-04 4.106243651531196867e-05 1.512826608458861914e-05 0.000000000000000000e+00 0.000000000000000000e+00 0.000000000000000000e+00 0.000000000000000000e+00 0.000000000000000000e+00 0.000000000000000000e+00
3.703124863766751318e-01 1.589634938487963500e-01 1.366059829283391425e-01 1.237346655855195987e-01 9.421237564629053596e-02 6.004071739338930763e-02 3.188293967373771742e-02 1.481563826911842970e-02 6.026958925130565699e-03 2.351930806588021974e-03 7.498278011735677031e-04 2.397705178171291986e-04 4.795410356342584242e-05 8.718927920622881057e-06 6.539195940467159946e-06 0.000000000000000000e+00 0.000000000000000000e+00 0.000000000000000000e+00 0.000000000000000000e+00 0.000000000000000000e+00
3.744157555202167753e-01 1.568601574408277077e-01 1.366202790296647818e-01 1.235288036652611859e-01 9.401139785371948054e-02 5.951650401300349197e-02 3.146397094889001600e-02 1.447716580116002044e-02 5.987062490239680040e-03 2.113727793210996592e-03 6.928452183782142591e-04 2.265493888665272109e-04 6.818476752293538138e-05 1.319705177863265359e-05 4.399017259544217580e-06 0.000000000000000000e+00 0.000000000000000000e+00 0.000000000000000000e+00 0.000000000000000000e+00 0.000000000000000000e+00
3.765814308199421090e-01 1.573782395119175948e-01 1.366444777487287598e-01 1.222552559399814470e-01 9.287467873295153498e-02 5.849107978934179469e-02 3.159208991271277023e-02 1.489173770883741796e-02 6.107671226205207624e-03 2.171665629904787759e-03 7.172473640052509213e-04 2.235863696436121706e-04 5.091570793864435494e-05 1.549608502480480545e-05 0.000000000000000000e+00 4.427452864229944534e-06 0.000000000000000000e+00 0.000000000000000000e+00 0.000000000000000000e+00 0.000000000000000000e+00
3.824425144174801727e-01 1.559009444818086065e-01 1.346026227412986664e-01 1.215246666830522848e-01 9.267853432153494442e-02 5.794475217128033234e-02 3.119002026602792424e-02 1.465320960703568598e-02 5.927869028280828741e-03 2.196417359517547664e-03 6.479766370906295779e-04 1.988617955209173618e-04 6.703206590592720472e-05 1.787521757491392058e-05 6.703206590592719795e-06 0.000000000000000000e+00 0.000000000000000000e+00 0.000000000000000000e+00 0.000000000000000000e+00 0.000000000000000000e+00
3.859365106451771998e-01 1.559930484141133222e-01 1.329490800824490448e-01 1.209769043887499312e-01 9.180090083212459617e-02 5.749653094308950635e-02 3.121253081735022444e-02 1.451390541711760664e-02 5.788497550329392387e-03 2.186965327393649433e-03 8.038332517524912494e-04 2.290251164211008382e-04 8.532308258825326247e-05 2.469878706502068088e-05 2.245344278638243794e-06 0.000000000000000000e+00 0.000000000000000000e+00 0.000000000000000000e+00 0.000000000000000000e+00 0.000000000000000000e+00
3.906047958839368173e-01 1.549660655771116502e-01 1.329432252308152262e-01 1.185768602789484261e-01 9.090620874255808670e-02 5.766474103630768455e-02 3.076856882109301264e-02 1.427804713453973903e-02 5.883325369632710737e-03 2.339289879457502087e-03 7.473046081519610405e-04 2.332496201201575241e-04 7.473046081519609863e-05 9.058237674569224795e-06 4.529118837284612398e-06 0.000000000000000000e+00 0.000000000000000000e+00 0.000000000000000000e+00 0.000000000000000000e+00 0.000000000000000000e+00
3.938485441493736472e-01 1.545359070333270357e-01 1.317384776957897519e-01 1.185343305547518766e-01 9.020100101833225525e-02 5.745262021218672938e-02 3.072538517791198465e-02 1.404022754144521219e-02 5.886735026301221328e-03 1.995657849473633869e-03 7.403981747476380939e-04 2.164240818493096108e-04 6.151000220980377714e-05 1.366888937995639699e-05 6.834444689978198496e-06 2.278148229992732550e-06 0.000000000000000000e+00 0.000000000000000000e+00 0.000000000000000000e+00 0.000000000000000000e+00
3.981771509595696257e-01 1.534943685179354922e-01 1.307914869364783517e-01 1.175452667284088287e-01 8.923733117618805333e-02 5.658599586802499221e-02 3.059224209053115762e-02 1.432172871906476665e-02 5.981941568633759171e-03 2.178594163298042466e-03 7.537751957402508704e-04 2.458961766591672262e-04 7.124094837788956893e-05 2.068285598067761766e-05 2.298095108964179411e-06 0.000000000000000000e+00 0.000000000000000000e+00 0.000000000000000000e+00 0.000000000000000000e+00 0.000000000000000000e+00
4.020734798370605989e-01 1.524772469437313815e-01 1.301759015154840826e-01 1.166268868458568558e-01 8.896739595054517502e-02 5.698488212773134692e-02 2.986605791603030510e-02 1.392101183228242230e-02 5.734763712485472890e-03 2.153424568910741570e-03 6.492621286093544540e-04 2.657122590394155482e-04 8.086894840330037775e-05 1.386324829770863609e-05 6.931624148854318045e-06 2.310541382951439207e-06 0.000000000000000000e+00 0.000000000000000000e+00 0.000000000000000000e+00 0.000000000000000000e+00
4.041159352811081185e-01 1.524548946571993857e-01 1.290094284716563899e-01 1.167850075660575027e-01 8.881387498544988934e-02 5.563263880805494055e-02 3.059015248515888769e-02 1.385170527296007530e-02 5.787451984635083417e-03 2.004423233616575272e-03 6.634850424863228445e-04 2.328017692934466359e-04 4.656035385868932718e-05 6.984053078803398907e-06 4.656035385868932887e-06 0.000000000000000000e+00 0.000000000000000000e+00 0.000000000000000000e+00 0.000000000000000000e+00 0.000000000000000000e+00
4.082290650559015632e-01 1.530516057627372972e-01 1.270963082464170446e-01 1.155056464320552284e-01 8.794880693329330812e-02 5.604458993021685376e-02 2.974928716140166560e-02 1.362834846552112185e-02 5.622983417123133577e-03 2.115067156899527213e-03 7.362872364373077407e-04 1.922788324454115575e-04 5.158700382681774104e-05 2.813836572371876599e-05 0.000000000000000000e+00 0.000000000000000000e+00 0.000000000000000000e+00 0.000000000000000000e+00 0.000000000000000000e+00 0.000000000000000000e+00
4.121301125510871688e-01 1.516311289816097974e-01 1.264340406241662440e-01 1.149782429564080027e-01 8.709428367029402318e-02 5.591430345586377582e-02 2.942100056429011734e-02 1.361615522464177004e-02 5.638179066489430388e-03 2.122580812719429728e-03 6.681761624022232145e-04 2.502709300870517833e-04 7.555348832816657250e-05 1.888837208204164313e-05 0.000000000000000000e+00 7.083139530765616172e-06 0.000000000000000000e+00 0.000000000000000000e+00 0.000000000000000000e+00 0.000000000000000000e+00
4.150774484171932399e-01 1.509217109653090971e-01 1.259477724823624689e-01 1.137706918946900930e-01 8.681156632685772812e-02 5.472799849923655480e-02 3.002239272034745374e-02 1.380844844331412247e-02 5.696727053398208118e-03 2.227398906247402867e-03 7.290100897845977132e-04 1.804715531714313505e-04 5.224176539173012849e-05 1.662237989736867755e-05 7.123877098872290018e-06 2.374625699624096673e-06 0.000000000000000000e+00 0.000000000000000000e+00 0.000000000000000000e+00 0.000000000000000000e+00
4.196759967857962570e-01 1.490419568378357762e-01 1.259924810591566413e-01 1.128606413101706646e-01 8.583884977424045826e-02 5.473951557358230913e-02 2.910480599984694230e-02 1.400952781816790400e-02 5.658337797505165467e-03 2.054316216423050529e-03 7.007155429708426331e-04 2.439351036963342898e-04 6.457105686079436845e-05 9.566082497895462181e-06 4.783041248947731090e-06 0.000000000000000000e+00 0.000000000000000000e+00 0.000000000000000000e+00 0.000000000000000000e+00 0.000000000000000000e+00
4.222856606434934323e-01 1.485373726384098259e-01 1.250376097301486855e-01 1.127040252641105661e-01 8.522545378396008398e-02 5.402803218670793745e-02 2.953416889115683883e-02 1.365985399000122814e-02 5.810552869050742038e-03 2.195204729318259076e-03 7.100717052071122684e-04 1.829337274431882382e-04 6.258259096740649899e-05 1.684915910660944282e-05 7.221068188546904186e-06 0.000000000000000000e+00 2.407022729515634870e-06 0.000000000000000000e+00 0.000000000000000000e+00 0.000000000000000000e+00
4.265791969955087248e-01 1.494308502400495675e-01 1.231923687470961731e-01 1.111898908161684935e-01 8.480379820350007758e-02 5.380062335449899147e-02 2.874545067368747264e-02 1.357780315936193277e-02 5.696337308347529903e-03 2.081074802539879202e-03 6.194827319188477704e-04 1.960082081461979341e-04 6.291621496050797669e-05 2.419854421557999103e-05 0.000000000000000000e+00 0.000000000000000000e+00 0.000000000000000000e+00 0.000000000000000000e+00 0.000000000000000000e+00 0.000000000000000000e+00
4.279596340621627526e-01 1.485139851641567588e-01 1.231078466638796803e-01 1.108848034688262596e-01 8.439222625147045631e-02 5.387229119474231526e-02 2.913940442742006184e-02 1.349663131082355465e-02 5.612051449071058830e-03 2.048921338920269442e-03 7.024178730106262402e-04 1.847188870200954793e-04 6.319330345424318174e-05 1.701358169921931868e-05 2.430511671317045647e-06 0.000000000000000000e+00 2.430511671317045647e-06 0.000000000000000000e+00 0.000000000000000000e+00 0.000000000000000000e+00
4.332269246587415190e-01 1.465673410234817065e-01 1.231272399678815521e-01 1.089652572413387921e-01 8.403184426470300394e-02 5.360500186051977284e-02 2.853939405808738478e-02 1.359403458608331172e-02 5.363682654080413788e-03 2.004954857915042590e-03 6.805585476195139157e-04 2.276688666496935135e-04 5.875325590959832672e-05 4.896104659133193894e-06 2.448052329566596947e-06 0.000000000000000000e+00 0.000000000000000000e+00 0.000000000000000000e+00 0.000000000000000000e+00 0.000000000000000000e+00
4.345137717818999268e-01 1.456367168624202457e-01 1.224914450262812732e-01 1.097773241422837637e-01 8.389051605968264602e-02 5.335887498397483275e-02 2.864560220111830868e-02 1.328116525152115736e-02 5.396783132648935721e-03 2.029032671617210688e-03 7.026419336706014960e-04 2.046290543672277967e-04 5.670443675236432740e-05 4.930820587162115868e-06 7.396230880743172955e-06 2.465410293581057934e-06 0.000000000000000000e+00 0.000000000000000000e+00 0.000000000000000000e+00 0.000000000000000000e+00
4.403984408834993314e-01 1.464431108086370059e-01 1.191041267091505346e-01 1.086654705190868014e-01 8.272474169399245125e-02 5.207696590979397216e-02 2.860360081668007065e-02 1.341582626987564142e-02 5.692012621419290791e-03 1.930334715090020314e-03 6.706675740889686457e-04 2.004578357978098089e-04 5.444533811792365172e-05 1.732351667388479797e-05 2.474788096269256973e-06 0.000000000000000000e+00 0.000000000000000000e+00 0.000000000000000000e+00 0.000000000000000000e+00 0.000000000000000000e+00
4.435868359730339439e-01 1.448940173709329648e-01 1.200737703896621739e-01 1.075876334907600040e-01 8.245336390484617195e-02 5.201310919762239943e-02 2.810003862976485564e-02 1.296215529165472419e-02 5.550224924921182482e-03 1.826814041296464684e-03 6.679210955899761784e-04 2.018716744133883408e-04 5.981382945581876538e-05 1.495345736395469135e-05 7.476728681977345673e-06 0.000000000000000000e+00 0.000000000000000000e+00 0.000000000000000000e+00 0.000000000000000000e+00 0.000000000000000000e+00
4.466866805661360851e-01 1.449144982157892503e-01 1.189607473637785129e-01 1.068672066075939259e-01 8.153241650294695830e-02 5.146395493364339796e-02 2.804117717814041261e-02 1.330640311134276971e-02 5.330078986407922603e-03 1.999719337636823076e-03 6.089370915360250037e-04 1.954612886411932131e-04 7.517741870815124205e-05 1.252956978469187255e-05 5.011827913876749357e-06 0.000000000000000000e+00 0.000000000000000000e+00 0.000000000000000000e+00 0.000000000000000000e+00 0.000000000000000000e+00
4.486625923891959244e-01 1.444949390621772245e-01 1.183135917291831402e-01 1.057229659262095556e-01 8.233533688363117720e-02 5.156664869685259611e-02 2.793466377134335224e-02 1.286269214685536663e-02 5.237277119724306242e-03 1.909502672799915377e-03 6.826849925181755277e-04 2.141262891662174222e-04 4.786352346068389614e-05 1.007653125488082033e-05 2.519132813720205082e-06 2.519132813720205082e-06 0.000000000000000000e+00 0.000000000000000000e+00 0.000000000000000000e+00 0.000000000000000000e+00
4.526260448176283591e-01 1.446832719967287018e-01 1.174843610706856750e-01 1.052043410569198645e-01 7.986203708642239385e-02 5.096652773862225122e-02 2.808784722486786650e-02 1.288449669696669492e-02 5.305679794985891130e-03 1.894704225495200947e-03 6.832110410967949955e-04 2.438225276776666284e-04 5.841581392277429412e-05 7.619453989927082137e-06 2.539817996642360430e-06 5.079635993284720860e-06 0.000000000000000000e+00 0.000000000000000000e+00 0.000000000000000000e+00 0.000000000000000000e+00
4.540362690335909557e-01 1.431198510470069185e-01 1.170836840360139769e-01 1.049123880939628189e-01 8.084270665952508761e-02 5.142704108960134690e-02 2.744152829851812317e-02 1.272731910118091170e-02 5.504119162394470292e-03 1.958833881704797816e-03 6.580457571352054487e-04 2.040451960109164302e-04 6.376412375341137596e-05 1.275282475068227689e-05 5.101129900272910415e-06 0.000000000000000000e+00 2.550564950136455208e-06 0.000000000000000000e+00 0.000000000000000000e+00 0.000000000000000000e+00
4.579190568055633848e-01 1.417734020396989036e-01 1.162976343381724592e-01 1.041495028681666823e-01 8.126301676892452863e-02 5.007138434456890469e-02 2.758659509469299498e-02 1.291058791020412329e-02 5.316726452121317732e-03 1.870320999278480894e-03 5.961488274034009056e-04 1.637490341365564631e-04 5.628873048444128080e-05 1.279289329191847368e-05 1.023431463353477894e-05 2.558578658383694736e-06 0.000000000000000000e+00 0.000000000000000000e+00 0.000000000000000000e+00 0.000000000000000000e+00
4.603719953674685894e-01 1.425767295256814005e-01 1.148692393208027990e-01 1.029396971314932158e-01 8.041672147807672755e-02 5.073344115060111903e-02 2.736443526192115783e-02 1.264402504043147558e-02 5.241260481876123395e-03 1.921623552656354398e-03 6.190465136074161951e-04 2.166662797625956737e-04 5.416656994064891843e-05 2.321424426027810596e-05 5.158720946728468462e-06 2.579360473364234231e-06 0.000000000000000000e+00 0.000000000000000000e+00 0.000000000000000000e+00 0.000000000000000000e+00
4.628041798993881573e-01 1.414523958781259971e-01 1.145146332744444856e-01 1.045285697262963720e-01 7.857257575679078843e-02 5.030851885047585986e-02 2.734963915469461673e-02 1.265160424621410325e-02 5.165294608302809995e-03 1.870282200197907968e-03 5.232645490858413122e-04 1.891005548676555272e-04 5.180837119661794727e-05 1.036167423932358912e-05 7.771255679492693107e-06 0.000000000000000000e+00 0.000000000000000000e+00 0.000000000000000000e+00 0.000000000000000000e+00 0.000000000000000000e+00
4.663158497420922810e-01 1.413625646070486019e-01 1.149602077835553265e-01 1.018540206013855698e-01 7.816346819485434083e-02 4.991854176751352179e-02 2.697230420095459574e-02 1.256746979799399332e-02 5.106103902187661241e-03 1.892017093216325028e-03 6.011773707468653308e-04 2.003924569156217679e-04 7.026748489249075313e-05 1.040999776185048132e-05 5.204998880925240659e-06 0.000000000000000000e+00 0.000000000000000000e+00 0.000000000000000000e+00 0.000000000000000000e+00 0.000000000000000000e+00
4.687206772730846960e-01 1.408801404869866047e-01 1.139071632637014136e-01 1.018609283673629906e-01 7.812753911881110958e-02 4.944041097685634295e-02 2.644090897177155119e-02 1.267266007915498170e-02 5.239430713181138927e-03 1.837339134537257970e-03 6.054569758603517123e-04 1.808507849972479278e-04 6.028359499908264260e-05 1.834718108667732615e-05 7.863077608575996197e-06 0.000000000000000000e+00 0.000000000000000000e+00 0.000000000000000000e+00 0.000000000000000000e+00 0.000000000000000000e+00
4.732585737730396480e-01 1.403835971518662129e-01 1.120102629755780205e-01 1.009043325246234968e-01 7.740696544148444047e-02 4.912319522044587133e-02 2.673484064201550603e-02 1.252314833108106318e-02 4.907577900884312234e-03 1.851866486485062493e-03 6.137765168577803297e-04 2.081044842565006202e-04 5.005044558067736632e-05 2.370810580137348842e-05 0.000000000000000000e+00 0.000000000000000000e+00 0.000000000000000000e+00 0.000000000000000000e+00 0.000000000000000000e+00 0.000000000000000000e+00
4.751098774611625108e-01 1.393518751273414291e-01 1.127272631052521623e-01 1.006533111417465542e-01 7.626461614993609861e-02 4.907110216156286564e-02 2.668547130220337224e-02 1.236237203013328123e-02 5.104241362612821527e-03 1.817840236451533521e-03 5.953625228553057055e-04 1.587633394280815323e-04 7.408955839977138355e-05 2.381450091421222849e-05 0.000000000000000000e+00 0.000000000000000000e+00 0.000000000000000000e+00 0.000000000000000000e+00 0.000000000000000000e+00 0.000000000000000000e+00
4.790067456002041757e-01 1.391901557311012727e-01 1.106682584546008069e-01 1.000087743321536743e-01 7.629414752045350634e-02 4.865766012491458403e-02 2.592150429277553444e-02 1.248348165499857734e-02 4.988074884936599153e-03 1.927694185276670720e-03 6.301565819456150580e-04 1.542155348221336555e-04 5.583665915973804860e-05 1.063555412566438956e-05 2.658888531416097391e-06 0.000000000000000000e+00 0.000000000000000000e+00 0.000000000000000000e+00 0.000000000000000000e+00 0.000000000000000000e+00
4.800573496644349181e-01 1.394286967663241894e-01 1.104997498976854203e-01 9.983495922128571287e-02 7.590270886218158930e-02 4.799289548933119431e-02 2.616578439843037299e-02 1.255593865939809602e-02 4.911099995452685059e-03 1.805551468916428330e-03 6.045253807038708429e-04 1.765428102940507882e-04 4.279825704098200412e-05 1.872423745542962638e-05 2.674891065061375257e-06 0.000000000000000000e+00 0.000000000000000000e+00 0.000000000000000000e+00 0.000000000000000000e+00 0.000000000000000000e+00
4.828432820986692797e-01 1.390131999548719355e-01 1.090299080784583458e-01 9.861016348173656798e-02 7.553038890709530551e-02 4.851534085109354688e-02 2.621993477922175686e-02 1.228664908105320253e-02 5.181667266583215616e-03 1.864218290828798062e-03 6.124521186008155668e-04 1.934059321897312316e-04 7.252722457114921186e-05 1.611716101581093597e-05 1.074477401054062341e-05 0.000000000000000000e+00 0.000000000000000000e+00 0.000000000000000000e+00 0.000000000000000000e+00 0.000000000000000000e+00
4.839576303417247316e-01 1.381491461602160076e-01 1.098703393510763737e-01 9.881128670728846208e-02 7.540116039132861714e-02 4.754313704863555312e-02 2.600495769238031149e-02 1.226745644486522749e-02 5.154597463970415384e-03 1.923196228053849523e-03 6.284778697567278008e-04 2.022997434839252724e-04 6.473591791485608610e-05 1.618397947871402152e-05 5.394659826238006892e-06 0.000000000000000000e+00 0.000000000000000000e+00 0.000000000000000000e+00 0.000000000000000000e+00 0.000000000000000000e+00
4.891145643926029796e-01 1.369431764520698813e-01 1.087159473938459769e-01 9.723888252631121554e-02 7.490894879964393738e-02 4.745789390838973942e-02 2.589056487024864878e-02 1.201984400527581279e-02 4.914865092245314718e-03 1.902440877782421652e-03 6.079126342699892353e-04 1.981143852754875599e-04 7.327518359504333516e-05 1.085558275482123634e-05 0.000000000000000000e+00 2.713895688705309086e-06 0.000000000000000000e+00 0.000000000000000000e+00 0.000000000000000000e+00 0.000000000000000000e+00
4.911390886309285331e-01 1.364272216359486700e-01 1.082424609310024127e-01 9.719324940077388175e-02 7.458490468282599761e-02 4.735999650962715440e-02 2.527520771808694847e-02 1.204178630737641302e-02 4.971054447089492956e-03 1.914251355928043826e-03 5.944541247753753728e-04 1.854260572693831475e-04 4.635651431734578689e-05 1.908797648361297187e-05 5.453707566746563512e-06 0.000000000000000000e+00 0.000000000000000000e+00 0.000000000000000000e+00 0.000000000000000000e+00 0.000000000000000000e+00
4.940278781450839762e-01 1.356428651896873505e-01 1.075833720300817947e-01 9.650190552864337801e-02 7.420158761997136532e-02 4.689221604600745524e-02 2.539697368529514332e-02 1.184532657765956579e-02 5.121709288043941460e-03 1.912397888668767839e-03 5.989981892669416375e-04 1.950865662291415318e-04 6.044935854987484571e-05 1.373849057951700993e-05 5.495396231806803462e-06 0.000000000000000000e+00 0.000000000000000000e+00 0.000000000000000000e+00 0.000000000000000000e+00 0.000000000000000000e+00
4.969977045322399034e-01 1.356337612878869281e-01 1.063190121497207125e-01 9.591913780797985123e-02 7.376635830791233861e-02 4.677738922921333836e-02 2.552295605543292850e-02 1.163716728806880353e-02 4.849967896519321621e-03 1.829760615505016683e-03 5.290874068930169179e-04 1.680954782316355760e-04 3.031229935324575810e-05 1.102265431027118522e-05 5.511327155135592612e-06 2.755663577567796306e-06 0.000000000000000000e+00 0.000000000000000000e+00 0.000000000000000000e+00 0.000000000000000000e+00
4.992518303189885653e-01 1.346318203065144659e-01 1.067739089307396805e-01 9.628846988928195516e-02 7.246320692354286941e-02 4.628141690337962688e-02 2.504501464531778618e-02 1.190433385239621743e-02 4.710288232023874914e-03 1.723141261627054738e-03 6.444493000948695906e-04 1.936113777109050335e-04 6.361516696215450365e-05 1.936113777109050199e-05 5.531753648883001054e-06 0.000000000000000000e+00 0.000000000000000000e+00 0.000000000000000000e+00 0.000000000000000000e+00 0.000000000000000000e+00
5.014500322229382689e-01 1.339474210538011967e-01 1.058162403608969154e-01 9.504933442965399215e-02 7.287661948043290538e-02 4.665103668970421724e-02 2.502000044445432114e-02 1.160025778350630074e-02 4.994555434565212289e-03 1.747261050245560920e-03 5.750127780617346864e-04 2.083379630658459107e-04 4.722327162825840416e-05 1.388919753772306015e-05 2.777839507544612284e-06 0.000000000000000000e+00 0.000000000000000000e+00 0.000000000000000000e+00 0.000000000000000000e+00 0.000000000000000000e+00
5.042429593698569690e-01 1.349140929958338730e-01 1.047397642272560880e-01 9.360496469556033039e-02 7.198640911796180819e-02 4.618776317664514269e-02 2.523981033119392439e-02 1.187525671510840028e-02 4.708190015284154269e-03 1.642976693760879892e-03 6.147191711350230440e-04 1.788273952392794295e-04 5.029520491104734378e-05 1.397089025306870585e-05 0.000000000000000000e+00 0.000000000000000000e+00 0.000000000000000000e+00 0.000000000000000000e+00 0.000000000000000000e+00 0.000000000000000000e+00
5.065863016161015198e-01 1.332033861173681777e-01 1.040130097011026794e-01 9.487082984591704848e-02 7.236505805494856947e-02 4.525589677622302714e-02 2.477516697468276283e-02 1.162784165913010280e-02 4.816847450581672636e-03 1.676768471135427901e-03 5.589228237118092643e-04 1.657107869296319013e-04 7.583374995084849629e-05 8.425972216760944220e-06 0.000000000000000000e+00 0.000000000000000000e+00 0.000000000000000000e+00 0.000000000000000000e+00 0.000000000000000000e+00 0.000000000000000000e+00
5.081063535521748165e-01 1.331987919500973727e-01 1.042959157752123972e-01 9.352790087216686366e-02 7.231928646024443630e-02 4.564622202150780267e-02 2.459002512066386231e-02 1.111236557622286882e-02 4.586638064862118801e-03 1.730221005391063783e-03 6.322504163256089695e-04 2.004008016032064125e-04 3.387055801744333475e-05 1.975782551017528030e-05 0.000000000000000000e+00 0.000000000000000000e+00 0.000000000000000000e+00 0.000000000000000000e+00 0.000000000000000000e+00 0.000000000000000000e+00
5.094339088913530933e-01 1.325527846296589707e-01 1.040530448754214826e-01 9.315383919074883556e-02 7.113195591663083739e-02 4.595034963452442750e-02 2.479972391319106712e-02 1.171671682998031219e-02 4.797574056891986544e-03 1.618049740885740872e-03 5.629228993640951213e-04 1.612392224309217232e-04 5.657516576523569140e-05 8.486274864785354387e-06 0.000000000000000000e+00 0.000000000000000000e+00 0.000000000000000000e+00 2.828758288261784654e-06 0.000000000000000000e+00 0.000000000000000000e+00
5.142486531900520852e-01 1.315616183291041519e-01 1.027151915620724693e-01 9.253393279858308784e-02 7.084873152926082773e-02 4.533739788938276338e-02 2.405524617244843982e-02 1.149826575157388009e-02 4.734413051993392046e-03 1.629228472328661352e-03 5.733521801574732041e-04 1.901712676759935862e-04 4.541403407187906232e-05 1.986863990644708892e-05 5.676754258984882789e-06 2.838377129492441395e-06 0.000000000000000000e+00 0.000000000000000000e+00 0.000000000000000000e+00 0.000000000000000000e+00
5.158647434597734005e-01 1.308502223148732546e-01 1.026789156402868192e-01 9.210717947107051329e-02 7.109506852209869499e-02 4.493416224273871079e-02 2.393347402328523457e-02 1.124282152841832305e-02 4.649050913961145538e-03 1.859049229108541588e-03 5.797035230553517328e-04 1.456398013587336629e-04 4.283523569374520016e-05 8.567047138749039694e-06 5.711364759166026745e-06 2.855682379583013372e-06 0.000000000000000000e+00 0.000000000000000000e+00 0.000000000000000000e+00 0.000000000000000000e+00
5.181003017674953304e-01 1.312286248024141511e-01 1.017473774967667804e-01 9.154476217847391795e-02 7.046702112372467408e-02 4.476792642621066354e-02 2.377640465584135790e-02 1.110504382813622647e-02 4.561000143698807144e-03 1.822100876562724424e-03 6.064089668055754967e-04 2.069262825118551544e-04 5.173157062796378860e-05 1.149590458399195321e-05 2.873976145997988303e-06 0.000000000000000000e+00 0.000000000000000000e+00 0.000000000000000000e+00 0.000000000000000000e+00 0.000000000000000000e+00
5.199980440604154985e-01 1.305704727908669205e-01 1.016081850318846930e-01 9.099146002260835586e-02 6.936106932367636091e-02 4.406329190384831312e-02 2.459018751132575203e-02 1.149977420403326331e-02 4.708636911456340508e-03 1.748840099062587113e-03 6.040401657946435545e-04 1.898411949640308415e-04 5.177487135382659252e-05 1.150552696751702075e-05 2.876381741879255187e-06 0.000000000000000000e+00 0.000000000000000000e+00 0.000000000000000000e+00 0.000000000000000000e+00 0.000000000000000000e+00
5.219453129966882265e-01 1.302587547176354277e-01 1.002017096190635781e-01 9.037920252454904879e-02 7.039896891128823164e-02 4.445992105004594602e-02 2.402309546240051844e-02 1.114604585570537661e-02 4.537021517619248268e-03 1.768571445084700681e-03 5.606255888013593740e-04 2.456349229284306743e-04 4.623716196299870854e-05 2.022875835881193541e-05 8.669467868062258274e-06 0.000000000000000000e+00 0.000000000000000000e+00 0.000000000000000000e+00 0.000000000000000000e+00 0.000000000000000000e+00
5.257801209111079288e-01 1.288060973162852008e-01 9.939253654522244019e-02 9.033438115205778829e-02 6.967946052359919040e-02 4.383972735388454167e-02 2.363262564373969435e-02 1.138157952129902409e-02 4.702098642294461582e-03 1.721485711959382320e-03 5.379642849873069073e-04 1.512115828072430306e-04 3.198706559383987291e-05 8.723745161956328821e-06 0.000000000000000000e+00 0.000000000000000000e+00 0.000000000000000000e+00 0.000000000000000000e+00 0.000000000000000000e+00 0.000000000000000000e+00
5.263339513501815725e-01 1.302836053972171726e-01 9.936131760412218739e-02 8.969627493756469894e-02 6.848581973013914692e-02 4.390064160676582228e-02 2.383069067769348973e-02 1.109798393936026542e-02 4.524000304134473925e-03 1.666890868362411356e-03 5.731765091211098563e-04 1.725378267252320602e-04 4.971428905642279173e-05 1.754621966697275022e-05 5.848739888990917022e-06 0.000000000000000000e+00 0.000000000000000000e+00 0.000000000000000000e+00 0.000000000000000000e+00 0.000000000000000000e+00
5.298274744262593261e-01 1.286974480531100640e-01 9.978672659052972849e-02 8.786160403899354043e-02 6.848804700815837310e-02 4.305658639333249244e-02 2.414067244196587206e-02 1.126212680820354479e-02 4.409215054110427259e-03 1.675091015234234093e-03 5.984563346896387736e-04 1.496140836724096934e-04 4.400414225659109028e-05 2.933609483772739211e-06 0.000000000000000000e+00 0.000000000000000000e+00 0.000000000000000000e+00 0.000000000000000000e+00 0.000000000000000000e+00 0.000000000000000000e+00
5.302678251048535962e-01 1.294066435684915750e-01 9.862410955358560938e-02 8.892993488196988816e-02 6.809157700927652435e-02 4.323848963817434471e-02 2.332366660980358594e-02 1.099712351249125010e-02 4.758851522656015395e-03 1.567656280331060836e-03 5.823563668021576774e-04 1.352949134994911617e-04 5.000029411937717110e-05 2.352955017382455310e-05 0.000000000000000000e+00 0.000000000000000000e+00 2.941193771728069138e-06 0.000000000000000000e+00 0.000000000000000000e+00 0.000000000000000000e+00
5.343399844918108599e-01 1.277886624482813815e-01 9.846812238447287535e-02 8.806816500239725287e-02 6.761452087390421029e-02 4.274222666816618332e-02 2.317349638635516143e-02 1.074030886156869535e-02 4.542952356712027379e-03 1.701757397465417272e-03 5.593602576016762752e-04 1.834938411180102162e-04 6.215113973351959066e-05 1.183831233019420799e-05 2.959578082548551997e-06 0.000000000000000000e+00 0.000000000000000000e+00 0.000000000000000000e+00 0.000000000000000000e+00 0.000000000000000000e+00
5.361085365274015357e-01 1.277478729977660488e-01 9.734302961167355661e-02 8.783984504966965701e-02 6.703324777793621958e-02 4.297079233803888232e-02 2.331681638861162614e-02 1.066471790484338662e-02 4.461951613669851505e-03 1.743785351014781994e-03 5.763106611530965885e-04 1.574456960882171313e-04 3.564808213318123242e-05 0.000000000000000000e+00 0.000000000000000000e+00 0.000000000000000000e+00 0.000000000000000000e+00 0.000000000000000000e+00 0.000000000000000000e+00 0.000000000000000000e+00
5.376881722034990707e-01 1.266839602506276141e-01 9.737939516237362203e-02 8.764802282991888960e-02 6.687184140848181912e-02 4.255535091149525995e-02 2.306275541121018124e-02 1.102689858775697876e-02 4.480610389881760879e-03 1.779109788387428113e-03 5.791062062871829954e-04 1.820900957913307186e-04 5.074642013856757732e-05 8.955250612688395997e-06 2.985083537562798666e-06 0.000000000000000000e+00 0.000000000000000000e+00 0.000000000000000000e+00 0.000000000000000000e+00 0.000000000000000000e+00
5.411399880983353006e-01 1.256851680736348342e-01 9.650515688965841110e-02 8.654723136776443226e-02 6.687659050199308564e-02 4.281010864007033651e-02 2.287033465208563113e-02 1.071747900014054754e-02 4.434715780471102341e-03 1.752355662411372861e-03 4.605166757872891452e-04 1.375569291312681757e-04 3.887478431970622857e-05 1.794220814755671827e-05 5.980736049185573040e-06 0.000000000000000000e+00 0.000000000000000000e+00 0.000000000000000000e+00 0.000000000000000000e+00 0.000000000000000000e+00
5.413556717339882418e-01 1.262682114715321102e-01 9.637051210582615879e-02 8.730055896222861656e-02 6.616244557274796045e-02 4.259563376674250362e-02 2.274720142226507869e-02 1.069410754373013167e-02 4.224609404426499064e-03 1.554849110331008076e-03 5.574555918822412387e-04 1.175176653157157210e-04 3.314600816597110445e-05 1.205309387853494692e-05 0.000000000000000000e+00 6.026546939267473460e-06 0.000000000000000000e+00 0.000000000000000000e+00 0.000000000000000000e+00 0.000000000000000000e+00
5.430524302769617062e-01 1.254803544820013994e-01 9.561542684435006545e-02 8.658747730193107339e-02 6.588321881240083444e-02 4.282620367633308001e-02 2.304193336269251893e-02 1.055724136266838857e-02 4.458172209721107497e-03 1.662011425951509004e-03 5.942218709844778205e-04 1.809812805028866592e-04 5.429438415086599640e-05 3.016354675048110676e-06 3.016354675048110676e-06 0.000000000000000000e+00 0.000000000000000000e+00 0.000000000000000000e+00 0.000000000000000000e+00 0.000000000000000000e+00
5.464394171523224708e-01 1.249457713812446302e-01 9.545753785385122092e-02 8.547340446510104384e-02 6.572660281594427945e-02 4.197826001219574776e-02 2.267438861972617334e-02 1.050594163635425876e-02 4.386829802531983652e-03 1.692843035831844301e-03 4.884367899084711764e-04 1.729248262408873129e-04 5.157407098412429059e-05 6.067537762838151286e-06 0.000000000000000000e+00 0.000000000000000000e+00 0.000000000000000000e+00 0.000000000000000000e+00 0.000000000000000000e+00 0.000000000000000000e+00
5.467854115201954412e-01 1.255845327839712755e-01 9.545469737989541181e-02 8.503869538663481886e-02 6.606625768362457685e-02 4.125380952815024815e-02 2.275537891701533491e-02 1.014861337733091382e-02 4.375450078849256463e-03 1.686371384556484406e-03 6.137784138385762997e-04 1.792719129528514994e-04 4.253909798881221456e-05 1.215402799680348987e-05 3.038506999200872469e-06 0.000000000000000000e+00 0.000000000000000000e+00 0.000000000000000000e+00 0.000000000000000000e+00 0.000000000000000000e+00
5.494360019277814144e-01 1.245645715261806119e-01 9.438503163147651809e-02 8.558190325709649771e-02 6.486130344865451147e-02 4.161506597770850413e-02 2.207492725065428665e-02 1.062720001952183711e-02 4.432067057510111728e-03 1.680708154637351476e-03 5.368505176337092909e-04 1.525143516004855940e-04 4.270401844813596632e-05 9.150861096029135641e-06 0.000000000000000000e+00 0.000000000000000000e+00 0.000000000000000000e+00 0.000000000000000000e+00 0.000000000000000000e+00 0.000000000000000000e+00
5.523080172263390430e-01 1.232166851846750455e-01 9.413882078546963184e-02 8.440538828131456672e-02 6.453449399924703067e-02 4.193946294714868267e-02 2.223079254015040973e-02 1.044048373323048888e-02 4.383105454701278353e-03 1.631421234186998222e-03 5.784964601526129116e-04 1.377372524172887846e-04 2.448662265196244924e-05 2.754745048345775624e-05 3.060827831495306155e-06 0.000000000000000000e+00 0.000000000000000000e+00 0.000000000000000000e+00 0.000000000000000000e+00 0.000000000000000000e+00
5.538474779983830754e-01 1.234672642376512808e-01 9.334280102177261451e-02 8.436386662854999940e-02 6.481677871122627776e-02 4.122133180866662666e-02 2.207385411767599087e-02 1.025768711748848046e-02 4.337307918122938234e-03 1.558479882699028872e-03 5.133454445971160794e-04 1.536962408973401213e-04 3.688709781536163290e-05 6.147849635893604919e-06 3.073924817946802460e-06 0.000000000000000000e+00 0.000000000000000000e+00 0.000000000000000000e+00 0.000000000000000000e+00 0.000000000000000000e+00
5.559973799504415171e-01 1.225614692051486404e-01 9.280784037471652426e-02 8.285906728707462254e-02 6.516755340513752381e-02 4.121634564880213153e-02 2.223643475520456839e-02 1.048328791502141193e-02 4.371898732612819298e-03 1.588096076722960662e-03 4.912592922158574892e-04 1.668427784884044364e-04 3.707617299742320584e-05 1.544840541559300187e-05 0.000000000000000000e+00 0.000000000000000000e+00 0.000000000000000000e+00 0.000000000000000000e+00 0.000000000000000000e+00 0.000000000000000000e+00
5.557112650292368450e-01 1.230149625780528194e-01 9.282937204298408185e-02 8.362425512652772730e-02 6.415988193639199366e-02 4.153929149433555068e-02 2.196640395860332759e-02 1.042977881675957556e-02 4.284766446124177279e-03 1.612213134576390974e-03 5.642745971017368951e-04 2.108278714446049735e-04 3.100409874185367258e-05 1.860245924511220355e-05 3.100409874185367258e-06 0.000000000000000000e+00 0.000000000000000000e+00 0.000000000000000000e+00 0.000000000000000000e+00 0.000000000000000000e+00
5.594461323902973904e-01 1.223414852816655934e-01 9.325658713951287537e-02 8.289336056183692347e-02 6.336853115505304557e-02 3.978433032823629201e-02 2.206816257408975371e-02 1.041926084574388602e-02 4.134083777456790988e-03 1.596976639936245439e-03 4.700652487921502180e-04 1.774418488818050427e-04 3.735617871195896100e-05 6.226029785326493217e-06 0.000000000000000000e+00 0.000000000000000000e+00 0.000000000000000000e+00 0.000000000000000000e+00 0.000000000000000000e+00 0.000000000000000000e+00
5.613146413748520969e-01 1.209897285835188907e-01 9.260826522677376160e-02 8.239930795199384983e-02 6.322433160841825495e-02 4.059536115474580986e-02 2.186072221580280528e-02 1.043693337788756739e-02 4.156660181319075595e-03 1.608324563019777670e-03 5.839935791935892389e-04 1.623939364602493946e-04 4.684440474814886331e-05 6.245920633086515503e-06 3.122960316543257751e-06 0.000000000000000000e+00 3.122960316543257751e-06 0.000000000000000000e+00 0.000000000000000000e+00 0.000000000000000000e+00
5.646083601608398173e-01 1.211152309253297615e-01 9.121769738572735320e-02 8.175395523042426615e-02 6.305507885407923840e-02 3.979970187020080014e-02 2.190565068707645002e-02 1.007127556964086679e-02 4.271523593591461734e-03 1.484385764928411369e-03 5.229797948165499462e-04 1.377910836642407195e-04 4.697423306735478457e-05 6.263231075647304891e-06 3.131615537823652446e-06 0.000000000000000000e+00 0.000000000000000000e+00 0.000000000000000000e+00 0.000000000000000000e+00 0.000000000000000000e+00
5.641486716316091998e-01 1.219219294743427301e-01 9.099111277377655571e-02 8.243397454235658339e-02 6.247779765291719412e-02 3.988720421758142759e-02 2.154374294633398107e-02 1.006296821409821511e-02 4.231413688277474786e-03 1.609571923029767598e-03 4.684105791629597200e-04 1.571847581083757361e-04 4.401173227034520691e-05 9.431085486502544096e-06 9.431085486502544096e-06 3.143695162167514840e-06 0.000000000000000000e+00 0.000000000000000000e+00 0.000000000000000000e+00 0.000000000000000000e+00
5.671229590725596070e-01 1.208096481067073985e-01 9.040523436932856871e-02 8.191169368965593722e-02 6.181567975153789279e-02 4.024884085737100853e-02 2.143427527151870599e-02 9.831802013073298249e-03 4.090534641715246750e-03 1.638107622723929905e-03 4.892228931063759495e-04 1.515012830264906294e-04 2.525021383774843936e-05 2.525021383774843936e-05 0.000000000000000000e+00 0.000000000000000000e+00 0.000000000000000000e+00 0.000000000000000000e+00 0.000000000000000000e+00 0.000000000000000000e+00
5.691744609051148096e-01 1.201755804844321374e-01 8.979470150366163084e-02 8.117742953469268830e-02 6.217629726892422160e-02 3.941680383892012807e-02 2.153207927763347088e-02 1.033628610484717616e-02 3.993060511200550305e-03 1.554090270443423240e-03 4.820851451171434977e-04 1.395509630602257550e-04 3.488774076505643876e-05 9.514838390469938613e-06 3.171612796823312730e-06 0.000000000000000000e+00 0.000000000000000000e+00 0.000000000000000000e+00 0.000000000000000000e+00 0.000000000000000000e+00
5.711295343370814681e-01 1.202274315481862699e-01 8.985134362492852578e-02 8.025538402896893742e-02 6.153992757766342525e-02 3.988310780763611174e-02 2.113271075535226584e-02 9.732545581602185247e-03 4.145225843339051149e-03 1.435741058382567804e-03 4.446985579061050933e-04 1.461152404548630990e-04 5.082269233212629618e-05 1.270567308303157404e-05 6.352836541515787022e-06 6.352836541515787022e-06 0.000000000000000000e+00 0.000000000000000000e+00 0.000000000000000000e+00 0.000000000000000000e+00
5.721554707151703667e-01 1.188056233001774792e-01 9.035713829692149091e-02 7.984217985877906099e-02 6.140429280999017136e-02 3.974232925163118796e-02 2.116717953956356868e-02 1.007763320862647971e-02 4.178530842601222914e-03 1.532234380785780885e-03 5.426663431949640092e-04 1.404548182386965865e-04 4.149801447961489625e-05 9.576464879911131208e-06 3.192154959970376928e-06 0.000000000000000000e+00 0.000000000000000000e+00 0.000000000000000000e+00 0.000000000000000000e+00 0.000000000000000000e+00
5.744277072707864029e-01 1.185778353374130900e-01 8.950558909045447376e-02 7.938528019182745921e-02 6.136298794346475849e-02 3.932398772868467979e-02 2.128246144377089755e-02 9.774096240707555797e-03 4.067998730553587863e-03 1.561162633396057662e-03 5.257303323962082917e-04 1.538722924086463346e-04 4.167374586067505346e-05 6.411345517026931172e-06 3.205672758513465586e-06 0.000000000000000000e+00 0.000000000000000000e+00 0.000000000000000000e+00 0.000000000000000000e+00 0.000000000000000000e+00
5.749833541875074561e-01 1.200203287990247308e-01 8.786094072160803570e-02 7.989668338217177646e-02 6.150105021406353928e-02 3.897210901640135033e-02 2.073408837237727953e-02 1.014510001962115084e-02 3.798783488640640124e-03 1.354181074274097814e-03 4.985702292458080382e-04 1.672622704566581529e-04 4.503214973833104690e-05 9.649746372499509083e-06 9.649746372499509083e-06 3.216582124166503169e-06 0.000000000000000000e+00 0.000000000000000000e+00 0.000000000000000000e+00 0.000000000000000000e+00
5.753335765410058089e-01 1.193321043812893695e-01 8.875573448179009672e-02 8.011970982957168641e-02 6.057808096232756429e-02 3.885081146347526410e-02 2.098473279978305128e-02 9.830540211590674260e-03 4.122692890049685713e-03 1.433418671246719121e-03 4.778062237489063917e-04 1.226799763679624409e-04 4.196946559956610143e-05 9.685261292207561216e-06 6.456840861471708042e-06 0.000000000000000000e+00 0.000000000000000000e+00 0.000000000000000000e+00 0.000000000000000000e+00 0.000000000000000000e+00
5.776439415315061110e-01 1.186591294590010337e-01 8.794922438760187366e-02 7.890716975257591748e-02 6.137440527734264878e-02 3.861683807003376406e-02 2.078569876466333788e-02 9.979340786217677506e-03 3.833467926327362597e-03 1.559981448869256649e-03 5.059399293630022004e-04 1.394578010423659870e-04 3.243204675403859894e-05 9.729614026211579343e-06 3.243204675403860063e-06 0.000000000000000000e+00 0.000000000000000000e+00 0.000000000000000000e+00 0.000000000000000000e+00 0.000000000000000000e+00
5.818004110883450153e-01 1.167023311241934952e-01 8.853660991742515196e-02 7.882115708705265955e-02 5.902332423050821175e-02 3.835200981936141840e-02 2.067131441114679336e-02 9.920022859889012987e-03 4.055682013748404882e-03 1.396271630033478007e-03 5.585086520133911809e-04 1.331328763520293001e-04 2.597714660527401117e-05 3.247143325659251397e-06 0.000000000000000000e+00 0.000000000000000000e+00 0.000000000000000000e+00 0.000000000000000000e+00 0.000000000000000000e+00 0.000000000000000000e+00
5.830877780201675353e-01 1.170460428422118587e-01 8.636817993859217946e-02 7.772029160575266715e-02 6.027473976563441083e-02 3.800707850498327711e-02 2.121272307547040700e-02 9.774458123186825081e-03 4.226264704828947352e-03 1.608455134195300226e-03 5.144451643782539402e-04 1.107033898029154102e-04 4.558374874237693081e-05 3.255982053026923630e-06 0.000000000000000000e+00 0.000000000000000000e+00 0.000000000000000000e+00 0.000000000000000000e+00 0.000000000000000000e+00 0.000000000000000000e+00
5.834067081493508056e-01 1.175415454209204902e-01 8.664556526976291417e-02 7.771293153393189768e-02 5.968400276260273779e-02 3.820836702028418408e-02 2.083408344762347278e-02 9.780399268106667460e-03 4.003155389857581542e-03 1.423853307103882353e-03 5.499019668814994445e-04 1.702077516537974368e-04 3.273225993342258243e-05 6.546451986684516994e-06 0.000000000000000000e+00 0.000000000000000000e+00 0.000000000000000000e+00 0.000000000000000000e+00 0.000000000000000000e+00 0.000000000000000000e+00
5.841776060761356693e-01 1.158920382123756615e-01 8.703893509940736906e-02 7.770265830935205176e-02 5.954586667717901016e-02 3.849160983429915361e-02 2.089000144544749665e-02 9.976872840041523666e-03 4.195082850422465238e-03 1.429021957661528791e-03 4.861959763997845138e-04 1.149787782026517424e-04 3.942129538376630955e-05 1.642553974323596175e-05 3.285107948647192604e-06 0.000000000000000000e+00 0.000000000000000000e+00 0.000000000000000000e+00 0.000000000000000000e+00 0.000000000000000000e+00
5.875869364530256211e-01 1.169621766883822966e-01 8.675083527985570642e-02 7.662234837658390973e-02 5.883261221660440743e-02 3.767875974493165026e-02 1.994815844199363322e-02 9.464862396472933578e-03 3.948894342436816418e-03 1.438948188009422056e-03 5.617811418940894894e-04 1.642634917818975085e-04 2.628215868510360109e-05 9.855809506913849562e-06 3.285269835637950136e-06 0.000000000000000000e+00 0.000000000000000000e+00 0.000000000000000000e+00 0.000000000000000000e+00 0.000000000000000000e+00
